n_id 1225
279
432
527
570
580
634
635
681
689
712
727
745
757
761
774
798
812
831
842
843
849
850
856
860
865
868
879
880
898
903
911
926
932
935
944
958
964
969
970
972
976
977
979
982
984
994
998
1004
1023
1024
1026
1028
1033
1035
1046
1047
1055
1060
1061
1072
1074
1075
1077
1078
1080
1082
1088
1091
1092
1096
1098
1099
1104
1115
1116
1121
1125
1126
1128
1129
1132
1135
1138
1148
1154
1157
1159
1160
1170
1177
1182
1187
1195
1196
1198
1202
1206
1207
1208
1209
1210
1211
1212
1213
1219
1220
1222
1223
1224
1225
1226
1227
1230
1232
1233
1234
1237
1240
1243
1244
1245
1247
1250
1252
1257
1258
1259
1263
1265
1267
1271
1272
1274
1275
1277
1279
1280
1283
1285
1287
1288
1292
1293
1296
1297
1298
1299
1300
1302
1303
1304
1305
1306
1312
1321
1324
1325
1326
1327
1328
1332
1333
1336
1339
1343
1344
1348
1350
1351
1352
1353
1356
1362
1363
1364
1365
1366
1369
1370
1372
1375
1378
1379
1380
1381
1383
1384
1390
1391
1394
1395
1396
1397
1402
1403
1404
1405
1407
1408
1409
1410
1411
1412
1418
1419
1421
1422
1426
1427
1429
1431
1432
1435
1437
1438
1439
1440
1443
1444
1445
1446
1448
1449
1451
1452
1453
1455
1456
1458
1459
1464
1465
1469
1473
1478
1479
1481
1482
1483
1484
1485
1488
1489
1492
1493
1494
1496
1497
1498
1501
1510
1512
1513
1514
1515
1517
1518
1519
1521
1523
1524
1525
1530
1531
1537
1539
1540
1542
1544
1545
1547
1548
1549
1551
1552
1554
1555
1558
1560
1564
1566
1567
1569
1570
1571
1574
1575
1576
1580
1582
1583
1585
1586
1587
1588
1591
1593
1594
1595
1596
1598
1599
1600
1602
1603
1604
1605
1606
1607
1610
1611
1613
1617
1620
1622
1623
1624
1629
1632
1634
1640
1641
1643
1646
1648
1649
1650
1652
1653
1655
1656
1659
1660
1661
1663
1664
1666
1670
1674
1675
1676
1677
1678
1679
1680
1682
1684
1687
1688
1690
1693
1694
1695
1696
1697
1698
1699
1700
1701
1702
1705
1706
1707
1709
1711
1713
1716
1717
1718
1721
1722
1723
1724
1725
1727
1728
1729
1730
1731
1734
1735
1738
1739
1740
1741
1744
1746
1748
1749
1750
1754
1755
1759
1760
1761
1763
1766
1769
1770
1771
1774
1776
1777
1779
1780
1782
1783
1784
1787
1788
1791
1792
1796
1798
1799
1800
1801
1802
1803
1804
1807
1808
1809
1810
1811
1812
1814
1817
1818
1819
1820
1821
1822
1826
1828
1832
1833
1834
1836
1837
1840
1841
1845
1846
1847
1848
1849
1850
1851
1852
1853
1855
1856
1858
1859
1862
1863
1864
1865
1866
1868
1869
1871
1872
1876
1878
1879
1880
1881
1883
1885
1887
1892
1893
1894
1896
1898
1900
1905
1906
1907
1909
1912
1913
1914
1915
1917
1918
1919
1922
1923
1924
1925
1927
1928
1930
1931
1932
1933
1934
1935
1936
1937
1938
1939
1940
1941
1942
1943
1945
1947
1948
1949
1951
1952
1954
1955
1956
1957
1958
1959
1960
1964
1965
1966
1970
1971
1972
1974
1979
1982
1984
1987
1989
1990
1991
1994
1995
1996
1997
1998
1999
2000
2002
2004
2005
2006
2007
2009
2010
2012
2013
2014
2015
2020
2021
2022
2023
2024
2027
2028
2030
2031
2033
2034
2035
2038
2039
2040
2042
2044
2045
2046
2051
2052
2053
2054
2058
2059
2060
2061
2062
2063
2064
2065
2066
2069
2070
2071
2073
2074
2075
2076
2080
2082
2084
2085
2086
2087
2090
2092
2095
2096
2097
2098
2100
2101
2104
2106
2108
2109
2111
2112
2113
2114
2116
2117
2118
2120
2121
2122
2123
2125
2126
2127
2128
2129
2130
2131
2134
2135
2138
2139
2140
2141
2143
2145
2146
2148
2150
2151
2152
2157
2161
2162
2163
2164
2166
2167
2170
2171
2175
2176
2180
2181
2183
2184
2187
2190
2191
2192
2193
2195
2196
2197
2199
2200
2202
2203
2204
2205
2206
2210
2212
2213
2221
2222
2224
2225
2226
2227
2229
2231
2234
2235
2236
2238
2239
2241
2245
2247
2248
2249
2251
2254
2256
2257
2258
2259
2260
2261
2263
2264
2266
2267
2269
2270
2272
2273
2276
2279
2282
2285
2286
2287
2289
2290
2291
2292
2293
2296
2297
2298
2301
2304
2306
2309
2310
2313
2314
2315
2316
2318
2319
2320
2321
2323
2325
2327
2328
2329
2330
2331
2334
2337
2340
2341
2342
2343
2344
2346
2347
2348
2350
2351
2353
2354
2356
2357
2359
2361
2362
2364
2365
2366
2372
2374
2375
2376
2378
2380
2381
2384
2385
2386
2388
2389
2391
2392
2398
2400
2401
2404
2405
2406
2408
2410
2414
2416
2417
2419
2421
2422
2424
2428
2430
2431
2435
2438
2440
2441
2444
2445
2446
2447
2448
2449
2450
2451
2452
2453
2459
2460
2464
2465
2467
2470
2473
2476
2477
2478
2479
2482
2485
2489
2491
2492
2494
2495
2497
2498
2499
2500
2502
2503
2506
2509
2510
2511
2512
2513
2514
2515
2518
2520
2521
2524
2525
2526
2527
2529
2531
2533
2535
2539
2540
2541
2544
2545
2546
2547
2548
2551
2556
2559
2560
2561
2562
2565
2567
2568
2569
2573
2574
2575
2578
2579
2580
2581
2583
2585
2588
2589
2592
2593
2594
2597
2598
2604
2605
2607
2608
2610
2611
2613
2614
2616
2617
2618
2620
2622
2624
2626
2628
2629
2630
2631
2632
2633
2637
2638
2640
2641
2643
2644
2645
2646
2652
2654
2655
2656
2658
2660
2664
2667
2670
2672
2673
2675
2676
2678
2683
2684
2688
2689
2692
2693
2696
2698
2699
2701
2702
2703
2704
2705
2706
2707
2709
2710
2711
2712
2713
2715
2717
2718
2720
2721
2722
2723
2724
2725
2726
2730
2732
2733
2734
2735
2736
2737
2738
2739
2740
2742
2743
2745
2747
2751
2754
2755
2761
2765
2769
2771
2778
2781
2783
2785
2787
2789
2793
2798
2799
2801
2802
2804
2806
2810
2811
2812
2813
2814
2820
2823
2826
2829
2830
2833
2837
2842
2843
2847
2851
2853
2855
2857
2858
2867
2872
2876
2879
2883
2884
2886
2888
2891
2899
2903
2904
2907
2912
2915
2916
2919
2925
2931
2933
2935
2937
2938
2944
2956
2959
2960
2964
2967
2970
2973
2974
2975
2976
2978
2981
2986
2988
2989
2991
2995
2998
3001
3002
3004
3007
3008
3018
3019
3020
3025
3026
3046
3049
3056
3057
3072
3074
3075
3079
3085
3091
3096
3098
3100
3102
3107
3115
3125
3126
3129
3134
3153
3154
3157
3169
3173
3174
3176
3177
3182
3183
3184
3185
3188
3190
3192
3193
3195
3198
3203
3204
3206
3207
3208
3216
3220
3225
3261
3263
3271
3296
3372
3464
3465
3472
3482
3503
3530
3579
3591
3608
3610
3625
3630
3657
3663
3692
3706
3828
3886
3902
3905
3936
3964
3992
3996
4011
4034
4036
4058
4065
4067
4101
4102
4127
4180
4194
4214
4218
4226
4255
4268
4318
4358
4393
4396
4422
4459
4479
4556
4564
4578
4582
4589
4595
4605
4611
4625
4635
4646
4651
4728
4755
4757
4770
4775
4784
4816
4864
4947
5208
5224
5270
5390
5764
5785
5920
6047
6128
6503
6852
6894
8155
8293
8703
8843
9216
9347
9475
9786
9817
10001
10105
10210
10364
10748
10878
11607
12206
12698
13485
14081
14264
14856
14886
15351
16214
81402
